66  81  77  90  95  54  78  90  80  71  96  70  81  71  60  91  62  54
70  96  90  82  78 100  79  84  79  73  66  63  97  91  82  81  52  73
89  70  69  60  63  78  77  73  64  62  61  72  64  87  54  80  82  61
70  69  61  88  90  74  80  59  75  65  83  70  83  83  81  80  88  77
84  50  73  70  74  75  71  60  62  80  78  81  60  80  99  90  90  66
61  79  71  80  69  67  80  59  72  76  74  70  74  96  73  90  92  75
77  63  94  67  56  95  85  63  80  96  72  77  79  69  68  70  73  99
64  59  63  82  76  90  80  86  77  80  84  80  99  80  68  77  51  67
86  60  61  57  62  86  86  75  75  62  60  75  71  70  70  70  75  72
79  74  72  78  87  70  77  64  77  67  88  87  80  76  73  78  89  72
86  68  84  64  73  73  64  70  92  91  65  69  99  76  94  72  77  80
64