82   89   53   70
66   89   66   76
66   65   85   73
86   79   65   64
76   83   75   56
74   73   69   71
56   79   98   96
80   87   66   78
71   59  100   77
69   77   76   99
69   84   70   89
72   75   89   56
68   70   60   92
63   63   52   73
83   74   80   85
55   70   84   71
87   61   95   67
79   85   68   75
75   75   92   65
100   72   78   90
61   53   55   87
70   80   69   91
66   80   64   77
90   85   95   81
85   75   71   99
56   77   55   98
73   89   80   59
72   73   70   73
81   72   63   56
86   68   80   70
60   74   73   97
88   85   93   50
77   81   62   71
80   76   80   75
57   90   90   95
69   66   61   89
73   87   64   88
61   61   75   93
50   73   92   88
67   60  100   74
98   68   76   61
80   70   85   96
82   84   97   97
69   90   67   82
89   68   72   64
74   74   60   85
89   88   89   71
73   93   91   87
67   66   60   51
67   79   73   68
90   83   87   65
68   77   92   79
64   78   71   96
85   66   72   99
70   56   82   94
78   66   90   80
96   77   63   71
69   99   70   94
74   91   56   64
71   67   75   59
55   63   79   86
62   87   62   70
56   78   98   55
83   70   63   87
65   68   88   75
76   84   66   83
83   70   58   72
77   65   73   69
78   85   67   63
52   70   80   80
75   99   69   85
55   60   52   67
50  100   77   60
58   77   60   70
68   92   70   82
94   82   76   82
90   79   84   90
67   89   98   51
70   50   62   92
58   64   70   86
80   87   79   85
93   63   90   62
65   99   88   90
73   73   60   90
64   85   67   68
56   82   75   98
73   62   80   93
57   64   77   80
65   84   69   75
56   77   72   70
83   71   68   66
72   87   54   87
61   58   90  100
58   70   79   90
56   87   65   85
92   60   71   76
99   90   83  100
68   68   68   52
61   55   60   75
60   85   77   56
97   96   79   74
96   79   62   91
51   80   69   84
95   71   52   81
90   59   64   89
89   80   77   89
72   70   89   80
67   79   80   70
50   75   71   88
80   84   60   77
74   77   77   59
72   70   89   50
70   59   77   56
88   74   82   83
56   73   90   88
79   90   73   77
98   69   72   95
51   80   50   90
66   94   50   83
79   57   80   75
53   99   61   78
53   73   76   76
72   80   89   55
66   74   91   73
87   54   65   82
61   77   86   92
54   84   92   90
70   79   62   71
54   53   87   86
77   89   97   66
60   73   52   73
88   83   76   86
71   85   65   64
90   79   80   71
51   99   71   80
74   54   69   95
74   90   74   69
86   78   98   82
90   70   79   84
80   79   75   84
68   70   50   53
75   98   80   97
63   60   66   78
78   70   55   76
65   70   85   80
73   92   75   61
70   86   78   70
69   59   97   78
72   73   58   70
65   98   86   79
88   72   74   76
65   76   70   86
67   62   67   69
76   82   68   95
68   77   58   55
88   78   80   74
69   84   73   96
83   82   74   86
76   78   67   57
75   76   54   79
51   51   62   70
66   55   76   80
61   82   66   73
58   94   83   84
73   62   72   67
80   81   82   89
96   81   66   88
61   73   66   85
52   99   75   64
74   80   84   70
72   77   81   77
76   80   70   72
78   79   99   55
54   84   84   77
80   76   98   72
79   84   64   73
66   88   68   86
94   75   76   94
63   52   74   50
74   82   90   71
67   73   99   80
84   76   69   74
93   99  100   94
70   73   51   90
94   70   81   84
79   75   99   88
60   67   70  100
60   70   62   66
70   83   52   68
60   88   70   62
63   83   70   71
68   78   73   60
72   57   80   67
90   87   64   88
96   63   73   78
61   60   98   87
66   76   74   78
70   76   61   86
61   77   70   76
63   78   80   94